6 Andrej 2.6856 1.84799 1.77404
1 1 1
4492.48 932.768 15.9825
0 0 0 0 0 0 0 0 0 0 0 0 0 0 0 0 0 0 0 0 0 0 0 0 0 0 0 0 0 0 0 0 0 0 0 0 0 0 0 0 0 0 0 0 0 0 0 0 0 0 0 0 0 0 0 0 0 0 0 0 0 0 0 0 0 0 0 0 0 0 0 0 0 0 0 0 0 0 0 0 0 0 0 0 0 0 0 0 0 0 
Igor 0 2.66228 0
0 1 0
0 788.446 0
0 0 0 0 0 0 0 0 0 0 0 0 0 0 0 0 0 0 0 0 0 0 0 0 0 0 0 0 0 0 
Marek 2.54918 0 1.66619
1 0 1
3931.7 0 7.98975
0 0 0 0 0 0 0 0 0 0 0 0 0 0 0 0 0 0 0 0 0 0 0 0 0 0 0 0 0 0 0 0 0 0 0 0 0 0 0 0 0 0 0 0 0 0 0 0 0 0 0 0 0 0 0 0 0 0 0 0 
Martin 0 3.63735 1.52025
0 1 1
0 139.531 5.71612
0 0 0 0 0 0 0 0 0 0 0 0 0 0 0 0 0 0 0 0 0 0 0 0 0 0 0 0 0 0 0 0 0 0 0 0 0 0 0 0 0 0 0 0 0 0 0 0 0 0 0 0 0 0 0 0 0 0 0 0 
Michal 0 0 1.14417
0 0 1
0 0 35.0566
0 0 0 0 0 0 0 0 0 0 0 0 0 0 0 0 0 0 0 0 0 0 0 0 0 0 0 0 0 0 
Peter 2.53044 0 0
1 0 0
4419.39 0 0
0 0 0 0 0 0 0 0 0 0 0 0 0 0 0 0 0 0 0 0 0 0 0 0 0 0 0 0 0 0 
2 1 70 ZA_001JJ 0 01/01/2000
0 100 ZA_002JJ 0 01/01/2000
4 Zakaznik1 8
Zakaznik2 8
Zakaznik3 5
Zakaznik4 2
4 Zakaznik1 0 200 3.82859 10/01/2000 1 01/01/2000
Zakaznik2 1 6500 2.21414 09/01/2000 2 01/01/2000
Zakaznik3 1 3000 3.5677 09/01/2000 1 01/01/2000
Zakaznik4 0 50 1.95715 10/01/2000 1 01/01/2000
1 1 5000 2000 0 0 0
